MiniYOLO-v2 -- full per-epoch log (300 epochs)
source: C:\ssd projects\mini_yolo\runs\v2\v2_n384\results.csv

epoch  box_loss  cls_loss  l1_loss  loss_o2m  loss_o2o         lr precision  recall   mAP50  mAP50-95  fitness  ms/img
----------------------------------------------------------------------------------------------------------------------
    1    4.0340    5.6480   4.3722   13.9608   14.4278   0.005000    0.0000  0.0000  0.0007    0.0002   0.0002   2.904
    2    2.9916    5.2163   3.5563   11.9264   11.1247   0.004999    0.0532  0.0037  0.0399    0.0133   0.0160   0.953
    3    2.0820    4.0849   2.4651    8.6592    8.5263   0.004999    0.3204  0.2633  0.2156    0.0845   0.0976   0.962
    4    1.8012    3.3569   2.1122    7.2688    7.2762   0.004998    0.3455  0.5103  0.3967    0.1883   0.2091   0.967
    5    1.6870    2.9490   1.9183    6.5392    6.6112   0.004997    0.3533  0.6433  0.4892    0.2348   0.2603   0.954
    6    1.6241    2.7255   1.8212    6.1506    6.2457   0.004995    0.3921  0.7098  0.5645    0.2593   0.2898   1.033
    7    1.5675    2.5733   1.7455    5.8600    5.9830   0.004994    0.3921  0.7514  0.6084    0.3047   0.3351   1.143
    8    1.5282    2.4444   1.6905    5.6325    5.7740   0.004992    0.3996  0.7757  0.6321    0.3191   0.3504   1.016
    9    1.5077    2.3505   1.6680    5.4982    5.6266   0.004989    0.4229  0.7849  0.6539    0.3306   0.3629   0.992
   10    1.4758    2.2728   1.6027    5.3172    5.4715   0.004987    0.4204  0.8188  0.6737    0.3322   0.3663   1.093
   11    1.4629    2.2169   1.5751    5.2189    5.3801   0.004984    0.4365  0.8254  0.7215    0.3733   0.4081   0.978
   12    1.4484    2.1603   1.5534    5.1247    5.2909   0.004981    0.4384  0.8253  0.7162    0.3744   0.4086   0.956
   13    1.4330    2.1318   1.5345    5.0601    5.2320   0.004978    0.4591  0.8442  0.7452    0.4034   0.4376   1.007
   14    1.4200    2.0905   1.5077    4.9773    5.1545   0.004975    0.4461  0.8473  0.7324    0.3735   0.4094   1.073
   15    1.4172    2.0534   1.4968    4.9234    5.1127   0.004971    0.4576  0.8555  0.7569    0.4045   0.4398   1.074
   16    1.3997    2.0191   1.4591    4.8335    5.0219   0.004967    0.4759  0.8563  0.7591    0.4040   0.4395   1.073
   17    1.3986    2.0128   1.4697    4.8389    5.0167   0.004962    0.4778  0.8602  0.7703    0.4019   0.4388   1.021
   18    1.3827    1.9604   1.4535    4.7520    4.9380   0.004958    0.4825  0.8652  0.7836    0.4163   0.4530   1.074
   19    1.3833    1.9646   1.4337    4.7357    4.9254   0.004953    0.4872  0.8697  0.7845    0.4276   0.4633   1.002
   20    1.3744    1.9431   1.4272    4.6991    4.8859   0.004948    0.4765  0.8716  0.7845    0.4240   0.4601   1.065
   21    1.3781    1.9251   1.4176    4.6680    4.8824   0.004943    0.4934  0.8706  0.7859    0.4305   0.4660   1.054
   22    1.3622    1.9046   1.4077    4.6262    4.8200   0.004937    0.4827  0.8812  0.7926    0.4260   0.4627   1.073
   23    1.3584    1.8922   1.4030    4.6033    4.8032   0.004931    0.4835  0.8945  0.8024    0.4294   0.4667   1.107
   24    1.3563    1.8770   1.3869    4.5691    4.7709   0.004925    0.4922  0.8955  0.8105    0.4433   0.4800   1.077
   25    1.3518    1.8611   1.3760    4.5387    4.7348   0.004919    0.4920  0.8978  0.8077    0.4437   0.4801   0.989
   26    1.3483    1.8486   1.3749    4.5204    4.7191   0.004913    0.4932  0.8977  0.8156    0.4452   0.4823   1.094
   27    1.3396    1.8394   1.3686    4.4954    4.6957   0.004906    0.5043  0.8942  0.8194    0.4488   0.4859   1.097
   28    1.3297    1.8299   1.3617    4.4654    4.6777   0.004899    0.4990  0.8980  0.8218    0.4523   0.4892   1.079
   29    1.3360    1.8180   1.3592    4.4569    4.6687   0.004891    0.4960  0.8991  0.8237    0.4506   0.4879   1.101
   30    1.3276    1.8071   1.3464    4.4249    4.6347   0.004884    0.5038  0.9018  0.8259    0.4530   0.4903   1.134
   31    1.3213    1.7889   1.3306    4.3845    4.5927   0.004876    0.5010  0.9068  0.8310    0.4622   0.4991   1.065
   32    1.3299    1.7873   1.3333    4.3975    4.5921   0.004868    0.5034  0.9088  0.8340    0.4635   0.5006   0.969
   33    1.3206    1.7764   1.3261    4.3675    4.5695   0.004860    0.5055  0.9139  0.8377    0.4618   0.4994   0.970
   34    1.3213    1.7733   1.3353    4.3767    4.5685   0.004851    0.5027  0.9130  0.8381    0.4642   0.5016   1.045
   35    1.3189    1.7750   1.3228    4.3573    4.5697   0.004842    0.5060  0.9125  0.8322    0.4612   0.4983   1.574
   36    1.3157    1.7723   1.3242    4.3513    4.5674   0.004833    0.5063  0.9159  0.8373    0.4645   0.5018   1.341
   37    1.3101    1.7463   1.3173    4.3155    4.5203   0.004824    0.5080  0.9188  0.8365    0.4636   0.5009   1.223
   38    1.3113    1.7429   1.3121    4.3074    4.5129   0.004814    0.5124  0.9182  0.8399    0.4666   0.5040   0.969
   39    1.3135    1.7438   1.3173    4.3139    4.5239   0.004805    0.5144  0.9199  0.8408    0.4686   0.5058   0.988
   40    1.3084    1.7409   1.3155    4.3045    4.5119   0.004795    0.5137  0.9211  0.8421    0.4728   0.5097   1.072
   41    1.3120    1.7490   1.3155    4.3148    4.5247   0.004784    0.5098  0.9210  0.8446    0.4710   0.5084   1.083
   42    1.3031    1.7286   1.2987    4.2680    4.4787   0.004774    0.5124  0.9239  0.8458    0.4717   0.5091   1.084
   43    1.2927    1.7185   1.2878    4.2370    4.4447   0.004763    0.5096  0.9247  0.8467    0.4737   0.5110   1.080
   44    1.2995    1.7271   1.3003    4.2652    4.4703   0.004752    0.5104  0.9236  0.8473    0.4750   0.5122   1.100
   45    1.2919    1.7152   1.2829    4.2274    4.4339   0.004741    0.5077  0.9242  0.8450    0.4738   0.5110   1.057
   46    1.2938    1.7110   1.2792    4.2171    4.4365   0.004730    0.5075  0.9250  0.8444    0.4752   0.5121   1.093
   47    1.2913    1.6982   1.2806    4.2011    4.4253   0.004718    0.5078  0.9246  0.8443    0.4756   0.5124   1.081
   48    1.2883    1.6880   1.2708    4.1851    4.3850   0.004706    0.5130  0.9237  0.8449    0.4766   0.5134   1.071
   49    1.2888    1.6862   1.2833    4.1956    4.3964   0.004694    0.5126  0.9263  0.8469    0.4781   0.5150   1.085
   50    1.2868    1.6886   1.2798    4.1900    4.3971   0.004682    0.5118  0.9272  0.8462    0.4771   0.5140   1.083
   51    1.2862    1.6835   1.2727    4.1771    4.3827   0.004669    0.5130  0.9278  0.8473    0.4781   0.5150   1.109
   52    1.2909    1.6835   1.2625    4.1742    4.3706   0.004656    0.5140  0.9275  0.8487    0.4794   0.5164   1.083
   53    1.2858    1.6718   1.2640    4.1576    4.3565   0.004644    0.5140  0.9276  0.8493    0.4808   0.5176   1.089
   54    1.2853    1.6816   1.2606    4.1619    4.3637   0.004630    0.5156  0.9291  0.8504    0.4818   0.5187   1.401
   55    1.2864    1.6830   1.2749    4.1740    4.3895   0.004617    0.5148  0.9293  0.8499    0.4808   0.5177   1.034
   56    1.2838    1.6571   1.2613    4.1372    4.3349   0.004603    0.5143  0.9294  0.8507    0.4815   0.5185   1.095
   57    1.2823    1.6733   1.2597    4.1455    4.3564   0.004589    0.5133  0.9296  0.8517    0.4822   0.5192   0.954
   58    1.2812    1.6654   1.2482    4.1235    4.3369   0.004575    0.5136  0.9308  0.8523    0.4824   0.5194   1.033
   59    1.2814    1.6650   1.2570    4.1323    4.3440   0.004561    0.5129  0.9311  0.8519    0.4815   0.5185   1.066
   60    1.2861    1.6647   1.2623    4.1461    4.3441   0.004546    0.5131  0.9323  0.8521    0.4818   0.5188   1.091
   61    1.2821    1.6551   1.2557    4.1216    4.3311   0.004532    0.5126  0.9335  0.8518    0.4824   0.5193   0.979
   62    1.2739    1.6396   1.2494    4.0922    4.2982   0.004517    0.5143  0.9340  0.8528    0.4828   0.5198   0.993
   63    1.2753    1.6423   1.2435    4.0920    4.2923   0.004502    0.5131  0.9327  0.8534    0.4830   0.5201   1.011
   64    1.2728    1.6368   1.2403    4.0805    4.2801   0.004486    0.5131  0.9333  0.8539    0.4835   0.5205   1.062
   65    1.2733    1.6339   1.2433    4.0824    4.2771   0.004471    0.5142  0.9331  0.8532    0.4833   0.5203   1.077
   66    1.2690    1.6422   1.2503    4.0880    4.2965   0.004455    0.5152  0.9334  0.8541    0.4853   0.5222   1.084
   67    1.2761    1.6391   1.2397    4.0819    4.2875   0.004439    0.5149  0.9350  0.8546    0.4857   0.5226   1.027
   68    1.2709    1.6310   1.2336    4.0633    4.2655   0.004423    0.5181  0.9345  0.8553    0.4863   0.5232   1.082
   69    1.2749    1.6353   1.2272    4.0671    4.2627   0.004407    0.5200  0.9351  0.8562    0.4868   0.5237   1.076
   70    1.2724    1.6292   1.2345    4.0627    4.2657   0.004390    0.5202  0.9353  0.8564    0.4865   0.5234   1.078
   71    1.2649    1.6398   1.2457    4.0766    4.2793   0.004373    0.5202  0.9358  0.8566    0.4872   0.5242   1.085
   72    1.2669    1.6268   1.2210    4.0437    4.2374   0.004356    0.5205  0.9358  0.8563    0.4867   0.5236   1.076
   73    1.2705    1.6033   1.2269    4.0245    4.2312   0.004339    0.5200  0.9359  0.8575    0.4867   0.5238   1.083
   74    1.2676    1.6103   1.2208    4.0239    4.2255   0.004322    0.5222  0.9371  0.8579    0.4871   0.5242   1.089
   75    1.2624    1.6066   1.2266    4.0214    4.2202   0.004304    0.5223  0.9374  0.8583    0.4868   0.5240   1.086
   76    1.2673    1.6222   1.2320    4.0422    4.2532   0.004287    0.5242  0.9380  0.8587    0.4874   0.5245   1.086
   77    1.2677    1.6146   1.2189    4.0222    4.2313   0.004269    0.5243  0.9377  0.8599    0.4881   0.5253   1.095
   78    1.2639    1.6083   1.2051    3.9988    4.2053   0.004251    0.5241  0.9394  0.8617    0.4892   0.5264   1.108
   79    1.2679    1.6088   1.2145    4.0128    4.2180   0.004233    0.5262  0.9396  0.8620    0.4896   0.5268   1.073
   80    1.2652    1.6081   1.2131    4.0125    4.2047   0.004214    0.5265  0.9396  0.8615    0.4901   0.5272   1.066
   81    1.2568    1.5986   1.2080    3.9863    4.1854   0.004196    0.5289  0.9397  0.8616    0.4910   0.5280   1.084
   82    1.2585    1.5994   1.2059    3.9854    4.1866   0.004177    0.5298  0.9401  0.8627    0.4917   0.5288   1.092
   83    1.2637    1.5996   1.1999    3.9876    4.1805   0.004158    0.5307  0.9403  0.8628    0.4919   0.5289   1.098
   84    1.2538    1.5917   1.1974    3.9616    4.1680   0.004139    0.5315  0.9401  0.8625    0.4919   0.5289   1.050
   85    1.2591    1.5931   1.2024    3.9741    4.1770   0.004120    0.5321  0.9404  0.8631    0.4924   0.5295   1.064
   86    1.2673    1.5975   1.2075    3.9968    4.1862   0.004100    0.5328  0.9399  0.8626    0.4924   0.5294   1.068
   87    1.2619    1.5848   1.2078    3.9730    4.1762   0.004081    0.5321  0.9396  0.8622    0.4927   0.5296   1.091
   88    1.2560    1.5880   1.1858    3.9487    4.1497   0.004061    0.5352  0.9403  0.8632    0.4934   0.5303   1.061
   89    1.2516    1.5800   1.1965    3.9462    4.1477   0.004041    0.5381  0.9408  0.8643    0.4941   0.5311   0.964
   90    1.2614    1.5937   1.2031    3.9755    4.1779   0.004021    0.5368  0.9406  0.8643    0.4930   0.5302   1.114
   91    1.2531    1.5715   1.1844    3.9301    4.1222   0.004001    0.5370  0.9392  0.8637    0.4935   0.5305   1.053
   92    1.2551    1.5758   1.1898    3.9428    4.1314   0.003980    0.5379  0.9395  0.8630    0.4937   0.5306   1.013
   93    1.2558    1.5685   1.1976    3.9457    4.1290   0.003960    0.5380  0.9393  0.8643    0.4940   0.5310   1.065
   94    1.2545    1.5675   1.1874    3.9312    4.1184   0.003939    0.5383  0.9398  0.8650    0.4941   0.5312   1.068
   95    1.2576    1.5815   1.1888    3.9472    4.1392   0.003919    0.5377  0.9399  0.8656    0.4944   0.5315   1.068
   96    1.2486    1.5654   1.1745    3.9061    4.1011   0.003898    0.5381  0.9402  0.8650    0.4947   0.5317   1.080
   97    1.2508    1.5769   1.1921    3.9392    4.1289   0.003877    0.5392  0.9396  0.8656    0.4961   0.5330   1.070
   98    1.2537    1.5787   1.1876    3.9378    4.1303   0.003855    0.5387  0.9401  0.8654    0.4964   0.5333   1.098
   99    1.2553    1.5762   1.1853    3.9283    4.1344   0.003834    0.5385  0.9399  0.8662    0.4960   0.5330   1.073
  100    1.2542    1.5677   1.1763    3.9188    4.1027   0.003812    0.5389  0.9400  0.8678    0.4965   0.5336   1.081
  101    1.2536    1.5639   1.1805    3.9125    4.1095   0.003791    0.5412  0.9405  0.8681    0.4970   0.5341   1.089
  102    1.2553    1.5641   1.1939    3.9287    4.1226   0.003769    0.5436  0.9406  0.8689    0.4975   0.5347   1.102
  103    1.2577    1.5857   1.2136    3.9702    4.1683   0.003747    0.5439  0.9412  0.8686    0.4985   0.5355   1.090
  104    1.2506    1.5698   1.1898    3.9233    4.1202   0.003725    0.5453  0.9422  0.8696    0.4986   0.5357   1.071
  105    1.2543    1.5651   1.1779    3.9054    4.1127   0.003703    0.5466  0.9426  0.8708    0.4999   0.5370   1.104
  106    1.2450    1.5547   1.1809    3.8920    4.0906   0.003681    0.5463  0.9436  0.8710    0.4996   0.5367   1.091
  107    1.2491    1.5475   1.1740    3.8862    4.0744   0.003659    0.5493  0.9436  0.8721    0.5005   0.5377   1.097
  108    1.2554    1.5716   1.1831    3.9215    4.1183   0.003636    0.5497  0.9421  0.8723    0.5010   0.5381   1.087
  109    1.2463    1.5557   1.1811    3.8906    4.0948   0.003614    0.5480  0.9422  0.8708    0.4998   0.5369   1.072
  110    1.2473    1.5568   1.1606    3.8745    4.0725   0.003591    0.5496  0.9419  0.8717    0.5003   0.5374   1.085
  111    1.2425    1.5501   1.1659    3.8685    4.0652   0.003568    0.5489  0.9420  0.8715    0.4996   0.5368   1.086
  112    1.2510    1.5529   1.1643    3.8801    4.0718   0.003545    0.5496  0.9428  0.8727    0.4992   0.5366   1.091
  113    1.2479    1.5479   1.1787    3.8834    4.0807   0.003522    0.5501  0.9431  0.8737    0.4981   0.5357   1.088
  114    1.2478    1.5473   1.1715    3.8743    4.0728   0.003499    0.5500  0.9430  0.8740    0.4990   0.5365   1.090
  115    1.2442    1.5526   1.1815    3.8859    4.0838   0.003476    0.5496  0.9428  0.8742    0.4998   0.5372   1.071
  116    1.2477    1.5437   1.1641    3.8653    4.0577   0.003453    0.5524  0.9430  0.8738    0.4987   0.5362   1.086
  117    1.2497    1.5470   1.1747    3.8783    4.0757   0.003429    0.5526  0.9428  0.8752    0.4998   0.5374   1.086
  118    1.2478    1.5536   1.1653    3.8767    4.0665   0.003406    0.5514  0.9430  0.8754    0.5001   0.5377   1.080
  119    1.2438    1.5382   1.1724    3.8575    4.0612   0.003383    0.5531  0.9434  0.8754    0.5009   0.5383   1.104
  120    1.2375    1.5509   1.1608    3.8493    4.0580   0.003359    0.5541  0.9441  0.8768    0.5007   0.5383   1.079
  121    1.2482    1.5345   1.1652    3.8503    4.0531   0.003335    0.5573  0.9452  0.8779    0.5019   0.5395   1.083
  122    1.2477    1.5399   1.1697    3.8640    4.0570   0.003311    0.5584  0.9452  0.8775    0.5021   0.5396   1.074
  123    1.2420    1.5286   1.1582    3.8362    4.0269   0.003288    0.5605  0.9460  0.8772    0.5016   0.5392   1.096
  124    1.2474    1.5385   1.1623    3.8515    4.0495   0.003264    0.5604  0.9459  0.8771    0.5020   0.5395   1.061
  125    1.2480    1.5439   1.1695    3.8694    4.0572   0.003240    0.5620  0.9460  0.8775    0.5022   0.5398   1.078
  126    1.2390    1.5380   1.1638    3.8477    4.0366   0.003216    0.5607  0.9465  0.8772    0.5021   0.5396   1.090
  127    1.2412    1.5381   1.1646    3.8464    4.0435   0.003192    0.5613  0.9469  0.8785    0.5024   0.5400   1.089
  128    1.2385    1.5356   1.1442    3.8206    4.0170   0.003167    0.5606  0.9474  0.8784    0.5028   0.5403   1.084
  129    1.2425    1.5230   1.1577    3.8338    4.0129   0.003143    0.5624  0.9468  0.8801    0.5040   0.5416   1.072
  130    1.2453    1.5296   1.1467    3.8286    4.0140   0.003119    0.5630  0.9480  0.8809    0.5056   0.5431   1.068
  131    1.2437    1.5332   1.1545    3.8310    4.0299   0.003094    0.5630  0.9482  0.8815    0.5059   0.5435   1.080
  132    1.2428    1.5367   1.1406    3.8266    4.0110   0.003070    0.5642  0.9479  0.8821    0.5067   0.5442   1.075
  133    1.2439    1.5252   1.1424    3.8251    3.9949   0.003046    0.5649  0.9482  0.8831    0.5073   0.5449   1.097
  134    1.2368    1.5228   1.1407    3.8058    3.9907   0.003021    0.5673  0.9487  0.8845    0.5077   0.5454   1.061
  135    1.2336    1.5046   1.1487    3.7987    3.9705   0.002997    0.5675  0.9488  0.8849    0.5077   0.5454   1.080
  136    1.2380    1.5150   1.1357    3.8026    3.9695   0.002972    0.5698  0.9500  0.8852    0.5085   0.5461   1.079
  137    1.2360    1.5074   1.1488    3.8054    3.9729   0.002947    0.5692  0.9497  0.8848    0.5080   0.5457   1.092
  138    1.2361    1.5142   1.1357    3.7938    3.9710   0.002923    0.5703  0.9499  0.8857    0.5088   0.5465   1.079
  139    1.2410    1.5315   1.1459    3.8212    4.0070   0.002898    0.5708  0.9493  0.8855    0.5088   0.5464   1.079
  140    1.2385    1.5171   1.1453    3.8086    3.9841   0.002873    0.5738  0.9501  0.8864    0.5090   0.5468   1.088
  141    1.2308    1.5044   1.1308    3.7644    3.9569   0.002849    0.5733  0.9500  0.8865    0.5098   0.5475   1.090
  142    1.2456    1.5195   1.1342    3.8058    3.9822   0.002824    0.5742  0.9497  0.8858    0.5097   0.5473   1.085
  143    1.2356    1.5145   1.1332    3.7950    3.9609   0.002799    0.5748  0.9504  0.8864    0.5104   0.5480   1.092
  144    1.2336    1.5013   1.1307    3.7692    3.9493   0.002774    0.5750  0.9490  0.8864    0.5108   0.5484   1.078
  145    1.2362    1.5099   1.1322    3.7816    3.9616   0.002749    0.5742  0.9497  0.8871    0.5114   0.5489   1.074
  146    1.2351    1.5215   1.1366    3.8025    3.9706   0.002724    0.5753  0.9503  0.8873    0.5116   0.5492   1.023
  147    1.2298    1.5064   1.1244    3.7647    3.9418   0.002700    0.5754  0.9503  0.8870    0.5116   0.5491   1.075
  148    1.2362    1.5249   1.1482    3.8138    3.9892   0.002675    0.5757  0.9507  0.8876    0.5121   0.5496   0.989
  149    1.2386    1.5012   1.1380    3.7794    3.9595   0.002650    0.5780  0.9515  0.8897    0.5130   0.5507   1.001
  150    1.2372    1.4950   1.1362    3.7688    3.9504   0.002625    0.5779  0.9515  0.8885    0.5123   0.5499   1.124
  151    1.2373    1.5159   1.1337    3.7851    3.9699   0.002600    0.5775  0.9510  0.8885    0.5132   0.5507   0.999
  152    1.2310    1.5048   1.1271    3.7612    3.9449   0.002575    0.5801  0.9515  0.8891    0.5130   0.5506   1.035
  153    1.2349    1.4912   1.1181    3.7425    3.9254   0.002550    0.5811  0.9515  0.8895    0.5136   0.5512   1.027
  154    1.2299    1.4937   1.1279    3.7504    3.9316   0.002526    0.5839  0.9506  0.8895    0.5142   0.5517   1.063
  155    1.2282    1.4836   1.1355    3.7487    3.9245   0.002501    0.5841  0.9514  0.8902    0.5136   0.5513   1.070
  156    1.2288    1.5021   1.1326    3.7646    3.9403   0.002476    0.5840  0.9510  0.8912    0.5148   0.5524   1.074
  157    1.2256    1.4865   1.1172    3.7360    3.9010   0.002451    0.5828  0.9505  0.8900    0.5148   0.5523   1.081
  158    1.2283    1.4803   1.1213    3.7279    3.9076   0.002426    0.5854  0.9509  0.8926    0.5157   0.5534   1.064
  159    1.2304    1.4879   1.1261    3.7458    3.9189   0.002401    0.5880  0.9513  0.8930    0.5158   0.5535   1.071
  160    1.2203    1.4828   1.1148    3.7247    3.8875   0.002377    0.5887  0.9513  0.8927    0.5161   0.5538   1.079
  161    1.2261    1.4717   1.1086    3.7083    3.8791   0.002352    0.5888  0.9510  0.8927    0.5163   0.5539   1.015
  162    1.2271    1.4925   1.1119    3.7312    3.9051   0.002327    0.5911  0.9515  0.8931    0.5166   0.5543   1.056
  163    1.2231    1.4743   1.0998    3.7016    3.8668   0.002303    0.5909  0.9510  0.8932    0.5174   0.5550   1.059
  164    1.2181    1.4844   1.0956    3.7053    3.8648   0.002278    0.5914  0.9517  0.8937    0.5173   0.5549   1.070
  165    1.2205    1.4797   1.1132    3.7132    3.8849   0.002253    0.5924  0.9527  0.8949    0.5182   0.5559   1.042
  166    1.2231    1.4838   1.1172    3.7215    3.8965   0.002229    0.5927  0.9521  0.8948    0.5183   0.5560   1.050
  167    1.2260    1.4713   1.1023    3.6993    3.8696   0.002204    0.5930  0.9522  0.8958    0.5190   0.5566   1.086
  168    1.2248    1.4736   1.1044    3.7013    3.8731   0.002180    0.5934  0.9520  0.8961    0.5189   0.5566   1.069
  169    1.2236    1.4691   1.0920    3.6866    3.8522   0.002156    0.5929  0.9518  0.8958    0.5190   0.5567   1.034
  170    1.2215    1.4605   1.0959    3.6804    3.8440   0.002131    0.5947  0.9516  0.8960    0.5199   0.5575   1.080
  171    1.2174    1.4556   1.0962    3.6789    3.8299   0.002107    0.5944  0.9516  0.8956    0.5197   0.5573   1.079
  172    1.2224    1.4675   1.0863    3.6795    3.8405   0.002083    0.5967  0.9522  0.8965    0.5203   0.5579   1.098
  173    1.2218    1.4533   1.0950    3.6791    3.8302   0.002058    0.5970  0.9527  0.8965    0.5196   0.5573   1.069
  174    1.2169    1.4550   1.0971    3.6794    3.8274   0.002034    0.5969  0.9524  0.8966    0.5196   0.5573   1.082
  175    1.2186    1.4472   1.0802    3.6603    3.8014   0.002010    0.5996  0.9528  0.8973    0.5200   0.5578   1.062
  176    1.2205    1.4531   1.0802    3.6547    3.8171   0.001986    0.6007  0.9525  0.8977    0.5202   0.5580   1.062
  177    1.2190    1.4524   1.0875    3.6630    3.8198   0.001962    0.5999  0.9527  0.8975    0.5204   0.5581   1.075
  178    1.2135    1.4377   1.0898    3.6454    3.8010   0.001939    0.6012  0.9531  0.8983    0.5206   0.5584   1.047
  179    1.2148    1.4529   1.0860    3.6543    3.8155   0.001915    0.6006  0.9521  0.8972    0.5198   0.5575   1.006
  180    1.2177    1.4562   1.0753    3.6467    3.8124   0.001891    0.6003  0.9522  0.8972    0.5202   0.5579   1.060
  181    1.2133    1.4440   1.0792    3.6404    3.7951   0.001867    0.6024  0.9518  0.8980    0.5208   0.5586   1.075
  182    1.2122    1.4367   1.0915    3.6441    3.7984   0.001844    0.6026  0.9515  0.8972    0.5207   0.5583   1.012
  183    1.2177    1.4532   1.0875    3.6573    3.8188   0.001821    0.6025  0.9514  0.8974    0.5207   0.5584   1.079
  184    1.2107    1.4500   1.0854    3.6502    3.8028   0.001797    0.6050  0.9522  0.8968    0.5206   0.5582   1.072
  185    1.2119    1.4372   1.0939    3.6477    3.7986   0.001774    0.6040  0.9520  0.8965    0.5208   0.5584   1.041
  186    1.2103    1.4431   1.0836    3.6351    3.7959   0.001751    0.6049  0.9522  0.8967    0.5214   0.5589   1.038
  187    1.2124    1.4485   1.0959    3.6565    3.8144   0.001728    0.6067  0.9524  0.8976    0.5227   0.5602   1.021
  188    1.2051    1.4389   1.0888    3.6383    3.7864   0.001705    0.6065  0.9515  0.8977    0.5225   0.5600   1.073
  189    1.2072    1.4415   1.0823    3.6339    3.7856   0.001682    0.6061  0.9522  0.8985    0.5223   0.5599   1.065
  190    1.2136    1.4422   1.0763    3.6375    3.7847   0.001659    0.6057  0.9517  0.8976    0.5220   0.5596   0.992
  191    1.2068    1.4352   1.0734    3.6220    3.7668   0.001636    0.6065  0.9529  0.8980    0.5222   0.5598   1.080
  192    1.2043    1.4362   1.0635    3.6046    3.7581   0.001614    0.6068  0.9527  0.8990    0.5229   0.5605   0.964
  193    1.2019    1.4313   1.0693    3.6057    3.7546   0.001591    0.6059  0.9520  0.8985    0.5229   0.5604   1.045
  194    1.2038    1.4375   1.0816    3.6230    3.7762   0.001569    0.6063  0.9519  0.8981    0.5230   0.5605   1.083
  195    1.2039    1.4290   1.0791    3.6071    3.7673   0.001547    0.6085  0.9518  0.8983    0.5227   0.5603   1.048
  196    1.2006    1.4277   1.0652    3.5911    3.7471   0.001525    0.6069  0.9516  0.8982    0.5229   0.5605   1.102
  197    1.1995    1.4316   1.0685    3.5969    3.7528   0.001503    0.6076  0.9519  0.8979    0.5230   0.5605   1.078
  198    1.1997    1.4273   1.0707    3.5962    3.7497   0.001481    0.6089  0.9511  0.8981    0.5232   0.5607   1.028
  199    1.2007    1.4247   1.0562    3.5831    3.7317   0.001459    0.6092  0.9516  0.8986    0.5238   0.5613   1.085
  200    1.2027    1.4232   1.0677    3.6029    3.7391   0.001437    0.6094  0.9504  0.8982    0.5242   0.5616   1.090
  201    1.2056    1.4306   1.0683    3.6026    3.7551   0.001416    0.6105  0.9507  0.8981    0.5241   0.5615   1.075
  202    1.1977    1.4224   1.0702    3.5863    3.7413   0.001395    0.6104  0.9512  0.8982    0.5244   0.5618   1.098
  203    1.2052    1.4097   1.0618    3.5829    3.7224   0.001373    0.6121  0.9512  0.8988    0.5247   0.5621   1.083
  204    1.1968    1.4061   1.0489    3.5574    3.6972   0.001352    0.6123  0.9514  0.8994    0.5252   0.5626   1.079
  205    1.1981    1.4127   1.0619    3.5777    3.7179   0.001331    0.6127  0.9518  0.8991    0.5249   0.5623   1.073
  206    1.1897    1.4190   1.0577    3.5621    3.7155   0.001311    0.6114  0.9509  0.8988    0.5250   0.5624   1.037
  207    1.1953    1.3988   1.0567    3.5509    3.6973   0.001290    0.6137  0.9509  0.8990    0.5252   0.5626   1.086
  208    1.1933    1.3963   1.0535    3.5435    3.6890   0.001270    0.6141  0.9510  0.8994    0.5258   0.5632   1.015
  209    1.1930    1.4174   1.0482    3.5596    3.7037   0.001249    0.6146  0.9508  0.8991    0.5263   0.5636   1.084
  210    1.1964    1.3955   1.0478    3.5454    3.6823   0.001229    0.6143  0.9505  0.8991    0.5263   0.5636   1.018
  211    1.1912    1.3982   1.0456    3.5420    3.6765   0.001209    0.6136  0.9495  0.8991    0.5266   0.5638   1.032
  212    1.2002    1.3987   1.0442    3.5480    3.6851   0.001189    0.6153  0.9507  0.8993    0.5269   0.5642   0.946
  213    1.1918    1.3979   1.0444    3.5377    3.6762   0.001169    0.6156  0.9499  0.8992    0.5270   0.5642   0.950
  214    1.1921    1.3921   1.0462    3.5353    3.6715   0.001150    0.6180  0.9505  0.8994    0.5273   0.5645   0.991
  215    1.1945    1.3923   1.0411    3.5329    3.6685   0.001130    0.6182  0.9505  0.8990    0.5269   0.5642   1.002
  216    1.1911    1.4040   1.0488    3.5493    3.6838   0.001111    0.6187  0.9509  0.8989    0.5269   0.5641   0.993
  217    1.1879    1.3910   1.0463    3.5312    3.6645   0.001092    0.6188  0.9509  0.8992    0.5266   0.5638   1.039
  218    1.1856    1.3898   1.0430    3.5273    3.6561   0.001073    0.6196  0.9509  0.8995    0.5267   0.5640   1.008
  219    1.1869    1.3893   1.0333    3.5042    3.6524   0.001054    0.6195  0.9504  0.8995    0.5269   0.5642   1.012
  220    1.1824    1.3802   1.0235    3.4970    3.6222   0.001036    0.6207  0.9504  0.8998    0.5273   0.5646   0.964
  221    1.1903    1.3978   1.0506    3.5449    3.6759   0.001017    0.6200  0.9495  0.8999    0.5274   0.5647   1.022
  222    1.1922    1.3970   1.0457    3.5381    3.6730   0.000999    0.6201  0.9495  0.9005    0.5284   0.5656   0.999
  223    1.1952    1.3942   1.0439    3.5336    3.6721   0.000981    0.6203  0.9503  0.9007    0.5285   0.5657   1.037
  224    1.1808    1.3838   1.0289    3.4980    3.6303   0.000963    0.6217  0.9508  0.9006    0.5283   0.5655   1.048
  225    1.1877    1.3810   1.0359    3.5122    3.6399   0.000946    0.6220  0.9508  0.9009    0.5284   0.5656   1.068
  226    1.1854    1.3775   1.0426    3.5078    3.6422   0.000928    0.6225  0.9513  0.9011    0.5289   0.5661   1.071
  227    1.1809    1.3751   1.0328    3.4958    3.6234   0.000911    0.6232  0.9512  0.9015    0.5288   0.5661   1.098
  228    1.1805    1.3797   1.0326    3.4937    3.6293   0.000894    0.6227  0.9510  0.9014    0.5288   0.5661   0.986
  229    1.1811    1.3900   1.0252    3.4919    3.6341   0.000877    0.6227  0.9503  0.9013    0.5289   0.5662   1.083
  230    1.1850    1.3704   1.0382    3.5033    3.6259   0.000860    0.6222  0.9498  0.9012    0.5285   0.5658   1.059
  231    1.1838    1.3714   1.0277    3.4815    3.6189   0.000843    0.6231  0.9505  0.9019    0.5287   0.5660   1.024
  232    1.1799    1.3666   1.0134    3.4632    3.5938   0.000827    0.6236  0.9501  0.9011    0.5290   0.5662   1.046
  233    1.1772    1.3678   1.0248    3.4776    3.6018   0.000811    0.6240  0.9506  0.9011    0.5287   0.5660   1.055
  234    1.1767    1.3538   1.0303    3.4628    3.5943   0.000795    0.6249  0.9509  0.9011    0.5291   0.5663   1.050
  235    1.1790    1.3721   1.0226    3.4727    3.6077   0.000779    0.6251  0.9506  0.9011    0.5293   0.5665   1.056
  236    1.1786    1.3618   1.0142    3.4583    3.5868   0.000764    0.6255  0.9506  0.9012    0.5296   0.5667   1.036
  237    1.1794    1.3673   1.0183    3.4746    3.5947   0.000748    0.6275  0.9502  0.9016    0.5302   0.5673   1.062
  238    1.1772    1.3688   1.0283    3.4751    3.6064   0.000733    0.6277  0.9506  0.9021    0.5307   0.5678   1.035
  239    1.1675    1.3507   1.0119    3.4395    3.5593   0.000718    0.6284  0.9508  0.9025    0.5309   0.5681   1.062
  240    1.1697    1.3523   1.0050    3.4306    3.5575   0.000704    0.6286  0.9501  0.9024    0.5302   0.5675   1.068
  241    1.1716    1.3548   1.0133    3.4444    3.5695   0.000689    0.6289  0.9501  0.9024    0.5297   0.5670   1.075
  242    1.1650    1.3471   1.0156    3.4345    3.5565   0.000675    0.6291  0.9496  0.9021    0.5298   0.5670   1.038
  243    1.1699    1.3439   1.0067    3.4259    3.5492   0.000661    0.6307  0.9499  0.9025    0.5301   0.5673   1.045
  244    1.1726    1.3497   0.9980    3.4299    3.5475   0.000647    0.6320  0.9506  0.9030    0.5307   0.5679   1.047
  245    1.1683    1.3526   0.9938    3.4252    3.5413   0.000633    0.6327  0.9504  0.9035    0.5307   0.5680   1.050
  246    1.1693    1.3439   1.0120    3.4322    3.5525   0.000620    0.6325  0.9504  0.9034    0.5306   0.5679   1.064
  247    1.1699    1.3481   1.0057    3.4294    3.5510   0.000607    0.6332  0.9512  0.9033    0.5303   0.5676   1.103
  248    1.1697    1.3351   0.9997    3.4081    3.5318   0.000594    0.6333  0.9512  0.9028    0.5299   0.5672   1.071
  249    1.1732    1.3469   1.0097    3.4284    3.5583   0.000581    0.6339  0.9508  0.9028    0.5300   0.5673   1.061
  250    1.1680    1.3392   1.0045    3.4157    3.5383   0.000568    0.6350  0.9510  0.9033    0.5303   0.5676   1.087
  251    1.1700    1.3560   0.9992    3.4373    3.5492   0.000556    0.6354  0.9507  0.9029    0.5304   0.5676   1.070
  252    1.1675    1.3510   1.0034    3.4320    3.5462   0.000544    0.6356  0.9512  0.9028    0.5303   0.5675   1.079
  253    1.1622    1.3344   0.9994    3.4059    3.5199   0.000532    0.6373  0.9507  0.9034    0.5302   0.5675   1.084
  254    1.1637    1.3337   1.0096    3.4206    3.5295   0.000520    0.6367  0.9514  0.9039    0.5304   0.5678   1.063
  255    1.1703    1.3369   1.0042    3.4165    3.5360   0.000509    0.6381  0.9512  0.9038    0.5305   0.5679   1.059
  256    1.1617    1.3293   1.0075    3.4125    3.5204   0.000498    0.6389  0.9505  0.9047    0.5309   0.5683   1.073
  257    1.1593    1.3339   0.9958    3.3966    3.5122   0.000487    0.6389  0.9504  0.9038    0.5308   0.5681   1.075
  258    1.1701    1.3417   0.9905    3.4052    3.5264   0.000476    0.6390  0.9503  0.9043    0.5309   0.5682   1.072
  259    1.1617    1.3264   0.9894    3.3884    3.4991   0.000466    0.6378  0.9501  0.9045    0.5316   0.5689   1.073
  260    1.1609    1.3301   0.9979    3.4027    3.5097   0.000455    0.6391  0.9496  0.9035    0.5315   0.5687   1.079
  261    1.1628    1.3364   1.0025    3.4136    3.5225   0.000445    0.6396  0.9500  0.9042    0.5319   0.5691   1.089
  262    1.1630    1.3194   0.9928    3.3922    3.4947   0.000436    0.6390  0.9512  0.9039    0.5322   0.5694   1.083
  263    1.1634    1.3238   0.9926    3.3906    3.5003   0.000426    0.6397  0.9503  0.9044    0.5324   0.5696   1.082
  264    1.1703    1.3317   0.9960    3.4049    3.5190   0.000417    0.6387  0.9505  0.9043    0.5323   0.5695   1.083
  265    1.1626    1.3282   0.9836    3.3893    3.4934   0.000408    0.6394  0.9507  0.9038    0.5325   0.5696   1.094
  266    1.1621    1.3323   0.9819    3.3857    3.4961   0.000399    0.6389  0.9513  0.9042    0.5328   0.5700   1.046
  267    1.1619    1.3195   0.9749    3.3674    3.4754   0.000390    0.6408  0.9515  0.9045    0.5335   0.5706   1.077
  268    1.1540    1.3322   0.9971    3.3950    3.5020   0.000382    0.6401  0.9512  0.9051    0.5339   0.5710   1.066
  269    1.1554    1.3351   0.9765    3.3716    3.4870   0.000374    0.6407  0.9514  0.9049    0.5332   0.5703   1.071
  270    1.1593    1.3383   0.9782    3.3845    3.4945   0.000366    0.6411  0.9518  0.9052    0.5334   0.5706   1.082
  271    1.1609    1.3186   0.9803    3.3662    3.4787   0.000359    0.6417  0.9519  0.9052    0.5333   0.5705   1.080
  272    1.1577    1.3178   0.9929    3.3831    3.4854   0.000351    0.6408  0.9520  0.9055    0.5332   0.5705   1.055
  273    1.1563    1.3179   0.9806    3.3675    3.4719   0.000344    0.6415  0.9519  0.9049    0.5335   0.5707   1.085
  274    1.1603    1.3203   0.9721    3.3613    3.4701   0.000337    0.6414  0.9516  0.9056    0.5337   0.5709   1.082
  275    1.1580    1.3198   0.9780    3.3646    3.4729   0.000331    0.6427  0.9520  0.9057    0.5343   0.5715   1.057
  276    1.1560    1.3183   0.9850    3.3657    3.4765   0.000325    0.6432  0.9524  0.9062    0.5345   0.5717   1.066
  277    1.1586    1.3258   0.9797    3.3724    3.4808   0.000319    0.6432  0.9524  0.9062    0.5343   0.5715   1.072
  278    1.1540    1.3106   0.9704    3.3463    3.4509   0.000313    0.6454  0.9524  0.9065    0.5347   0.5719   1.061
  279    1.1594    1.3136   0.9776    3.3661    3.4655   0.000307    0.6448  0.9523  0.9064    0.5348   0.5720   1.060
  280    1.1581    1.3168   0.9784    3.3623    3.4690   0.000302    0.6436  0.9521  0.9062    0.5345   0.5717   1.068
  281    1.1531    1.3206   0.9862    3.3734    3.4745   0.000297    0.6439  0.9516  0.9070    0.5351   0.5723   1.064
  282    1.1560    1.3130   0.9849    3.3573    3.4699   0.000292    0.6435  0.9510  0.9066    0.5348   0.5720   1.079
  283    1.1518    1.3094   0.9787    3.3514    3.4542   0.000288    0.6434  0.9507  0.9063    0.5347   0.5718   1.072
  284    1.1527    1.3099   0.9771    3.3510    3.4538   0.000283    0.6442  0.9505  0.9063    0.5347   0.5719   1.065
  285    1.1559    1.3121   0.9660    3.3540    3.4465   0.000279    0.6441  0.9503  0.9061    0.5348   0.5719   1.081
  286    1.1513    1.3068   0.9646    3.3414    3.4350   0.000275    0.6442  0.9503  0.9065    0.5351   0.5722   1.084
  287    1.1539    1.3135   0.9568    3.3358    3.4374   0.000272    0.6441  0.9496  0.9066    0.5349   0.5720   1.071
  288    1.1475    1.3116   0.9804    3.3528    3.4522   0.000269    0.6448  0.9502  0.9067    0.5353   0.5725   1.076
  289    1.1578    1.3168   0.9700    3.3542    3.4577   0.000266    0.6445  0.9505  0.9064    0.5349   0.5721   1.064
  290    1.1559    1.3175   0.9776    3.3623    3.4635   0.000263    0.6438  0.9500  0.9064    0.5350   0.5721   1.068
  291    1.1494    1.3056   0.9714    3.3399    3.4383   0.000261    0.6441  0.9502  0.9066    0.5352   0.5723   1.074
  292    1.1531    1.3109   0.9765    3.3495    3.4527   0.000258    0.6445  0.9500  0.9072    0.5357   0.5729   1.098
  293    1.1528    1.3093   0.9652    3.3330    3.4397   0.000256    0.6434  0.9499  0.9070    0.5353   0.5725   1.084
  294    1.1524    1.2905   0.9729    3.3322    3.4265   0.000255    0.6448  0.9498  0.9069    0.5357   0.5728   1.077
  295    1.1507    1.2988   0.9671    3.3300    3.4275   0.000253    0.6446  0.9503  0.9066    0.5360   0.5731   1.078
  296    1.1536    1.3070   0.9673    3.3412    3.4385   0.000252    0.6453  0.9502  0.9062    0.5356   0.5726   1.109
  297    1.1494    1.2957   0.9653    3.3298    3.4200   0.000251    0.6459  0.9502  0.9068    0.5358   0.5729   1.053
  298    1.1552    1.3130   0.9502    3.3356    3.4281   0.000251    0.6460  0.9504  0.9067    0.5358   0.5729   1.082
  299    1.1496    1.3124   0.9641    3.3321    3.4368   0.000250    0.6466  0.9498  0.9064    0.5358   0.5729   1.089
  300    1.1521    1.3111   0.9747    3.3483    3.4478   0.000250    0.6462  0.9504  0.9066    0.5358   0.5729   1.081