MiniYOLO-v2 -- full per-epoch log (300 epochs)
source: C:\ssd projects\mini_yolo\runs\v2\v2_n384_clean\results.csv

epoch  box_loss  cls_loss  l1_loss  loss_o2m  loss_o2o         lr precision  recall   mAP50  mAP50-95  fitness  ms/img
----------------------------------------------------------------------------------------------------------------------
    1    4.1140    6.0339   3.6827   13.7853   14.0116   0.005000    0.0000  0.0000  0.0003    0.0001   0.0001   1.684
    2    3.4076    5.4214   3.7018   12.6382   12.1080   0.004999    0.8059  0.0199  0.0358    0.0099   0.0125   0.941
    3    2.4736    4.3298   2.6537    9.4819    9.3608   0.004999    0.3473  0.2461  0.2155    0.0833   0.0965   0.935
    4    2.0522    3.3628   2.1554    7.5331    7.7132   0.004998    0.3900  0.4027  0.3605    0.1519   0.1727   0.954
    5    1.8935    2.9336   1.9645    6.7398    6.9870   0.004997    0.3776  0.6109  0.4749    0.2142   0.2403   0.952
    6    1.8176    2.6958   1.8561    6.3113    6.5859   0.004995    0.3684  0.6868  0.5071    0.2101   0.2398   0.942
    7    1.7689    2.5194   1.7757    6.0067    6.2746   0.004994    0.4189  0.6995  0.5567    0.2566   0.2866   0.957
    8    1.7290    2.3925   1.7109    5.7719    6.0514   0.004992    0.3880  0.7535  0.5800    0.2628   0.2945   0.963
    9    1.6959    2.3034   1.6689    5.6085    5.8811   0.004989    0.3937  0.7886  0.6142    0.2800   0.3134   0.941
   10    1.6755    2.2388   1.6366    5.4921    5.7576   0.004987    0.3826  0.8077  0.6178    0.2864   0.3195   0.938
   11    1.6484    2.1791   1.6170    5.3843    5.6538   0.004984    0.3902  0.7947  0.6345    0.2836   0.3187   0.960
   12    1.6367    2.1294   1.6087    5.3135    5.5846   0.004981    0.3946  0.8203  0.6332    0.2921   0.3262   0.950
   13    1.6119    2.0913   1.5688    5.2091    5.4849   0.004978    0.3723  0.8375  0.6629    0.3165   0.3511   0.931
   14    1.5969    2.0435   1.5652    5.1440    5.4112   0.004975    0.4251  0.8253  0.6773    0.3204   0.3561   0.952
   15    1.5923    2.0124   1.5368    5.0780    5.3508   0.004971    0.4216  0.8293  0.6855    0.3291   0.3647   0.946
   16    1.5838    1.9951   1.5240    5.0407    5.3053   0.004967    0.4272  0.8220  0.6814    0.3207   0.3567   0.937
   17    1.5698    1.9733   1.5059    4.9848    5.2555   0.004962    0.4163  0.8539  0.7152    0.3500   0.3865   0.944
   18    1.5618    1.9488   1.4934    4.9379    5.2137   0.004958    0.4451  0.8365  0.7144    0.3419   0.3791   0.952
   19    1.5581    1.9255   1.4899    4.9035    5.1924   0.004953    0.4418  0.8538  0.7207    0.3544   0.3910   0.948
   20    1.5506    1.8927   1.4721    4.8467    5.1273   0.004948    0.4278  0.8599  0.7291    0.3597   0.3966   0.942
   21    1.5441    1.8785   1.4563    4.8099    5.0895   0.004943    0.4371  0.8566  0.7284    0.3537   0.3911   0.938
   22    1.5446    1.8806   1.4608    4.8098    5.1154   0.004937    0.4418  0.8651  0.7451    0.3756   0.4126   0.947
   23    1.5375    1.8513   1.4468    4.7675    5.0383   0.004931    0.4362  0.8652  0.7272    0.3506   0.3883   0.950
   24    1.5229    1.8204   1.4269    4.6953    4.9904   0.004925    0.4511  0.8694  0.7438    0.3703   0.4077   0.934
   25    1.5278    1.8218   1.4284    4.7022    4.9978   0.004919    0.4639  0.8701  0.7630    0.3798   0.4182   0.948
   26    1.5227    1.8084   1.4233    4.6802    4.9674   0.004913    0.4528  0.8812  0.7597    0.3854   0.4229   0.946
   27    1.5091    1.7682   1.3925    4.5986    4.8714   0.004906    0.4680  0.8806  0.7721    0.3850   0.4237   0.946
   28    1.5035    1.7712   1.4109    4.6151    4.8832   0.004899    0.4773  0.8790  0.7726    0.3836   0.4225   0.940
   29    1.5178    1.7659   1.3974    4.6071    4.8857   0.004891    0.4776  0.8837  0.7788    0.3960   0.4343   0.942
   30    1.5092    1.7660   1.3832    4.5820    4.8671   0.004884    0.4647  0.8916  0.7764    0.3943   0.4325   0.941
   31    1.5013    1.7522   1.3808    4.5604    4.8340   0.004876    0.4771  0.8886  0.7851    0.3954   0.4344   0.958
   32    1.4985    1.7342   1.3609    4.5127    4.8094   0.004868    0.4847  0.8922  0.7887    0.3871   0.4273   0.958
   33    1.4975    1.7388   1.3702    4.5260    4.8188   0.004860    0.4705  0.8935  0.7779    0.3923   0.4308   0.946
   34    1.4874    1.7101   1.3602    4.4803    4.7591   0.004851    0.4786  0.8986  0.7883    0.3910   0.4308   0.955
   35    1.4826    1.7048   1.3684    4.4762    4.7610   0.004842    0.4942  0.8983  0.7989    0.4048   0.4442   0.943
   36    1.4853    1.6891   1.3489    4.4426    4.7289   0.004833    0.4932  0.8997  0.7944    0.4073   0.4460   0.954
   37    1.4803    1.6948   1.3565    4.4496    4.7382   0.004824    0.4912  0.8967  0.7958    0.4045   0.4437   0.948
   38    1.4835    1.6944   1.3487    4.4456    4.7280   0.004814    0.4933  0.9040  0.7997    0.4020   0.4418   0.957
   39    1.4813    1.6802   1.3394    4.4226    4.6936   0.004805    0.4950  0.9008  0.8053    0.4005   0.4410   0.949
   40    1.4773    1.6798   1.3453    4.4230    4.6955   0.004795    0.5063  0.9043  0.8082    0.4109   0.4507   0.958
   41    1.4757    1.6586   1.3336    4.3908    4.6534   0.004784    0.5021  0.9077  0.8145    0.4208   0.4602   0.948
   42    1.4685    1.6711   1.3274    4.3898    4.6508   0.004774    0.5086  0.9136  0.8230    0.4208   0.4610   0.946
   43    1.4637    1.6676   1.3178    4.3698    4.6353   0.004763    0.4975  0.9129  0.8148    0.4222   0.4614   0.952
   44    1.4664    1.6464   1.3195    4.3459    4.6330   0.004752    0.5039  0.9118  0.8175    0.4181   0.4580   0.944
   45    1.4673    1.6409   1.3186    4.3410    4.6240   0.004741    0.5108  0.9128  0.8209    0.4203   0.4603   0.954
   46    1.4610    1.6383   1.3088    4.3207    4.6071   0.004730    0.5060  0.9113  0.8209    0.4231   0.4629   0.936
   47    1.4599    1.6293   1.3162    4.3218    4.5935   0.004718    0.5126  0.9171  0.8216    0.4247   0.4644   0.945
   48    1.4597    1.6203   1.2931    4.2892    4.5598   0.004706    0.5174  0.9159  0.8226    0.4266   0.4662   0.935
   49    1.4585    1.6280   1.3019    4.3034    4.5760   0.004694    0.5167  0.9178  0.8233    0.4258   0.4655   0.942
   50    1.4633    1.6345   1.3111    4.3280    4.5854   0.004682    0.5135  0.9190  0.8266    0.4307   0.4703   1.038
   51    1.4553    1.6166   1.2989    4.2875    4.5503   0.004669    0.5197  0.9219  0.8271    0.4284   0.4683   0.969
   52    1.4571    1.6195   1.3037    4.2931    4.5660   0.004656    0.5194  0.9260  0.8275    0.4296   0.4694   0.960
   53    1.4544    1.6098   1.2910    4.2674    4.5402   0.004644    0.5284  0.9282  0.8344    0.4308   0.4712   0.953
   54    1.4487    1.6005   1.2840    4.2448    4.5176   0.004630    0.5281  0.9248  0.8343    0.4336   0.4736   0.950
   55    1.4503    1.5990   1.2827    4.2458    4.5101   0.004617    0.5247  0.9232  0.8350    0.4316   0.4719   0.936
   56    1.4555    1.5969   1.2952    4.2604    4.5256   0.004603    0.5238  0.9263  0.8365    0.4361   0.4761   0.938
   57    1.4484    1.5840   1.2725    4.2122    4.4924   0.004589    0.5280  0.9280  0.8403    0.4390   0.4791   0.939
   58    1.4426    1.5862   1.2754    4.2165    4.4795   0.004575    0.5210  0.9274  0.8414    0.4369   0.4774   0.943
   59    1.4430    1.5911   1.2892    4.2351    4.4979   0.004561    0.5253  0.9267  0.8418    0.4355   0.4761   0.937
   60    1.4454    1.5714   1.2648    4.1951    4.4510   0.004546    0.5262  0.9275  0.8419    0.4374   0.4778   0.944
   61    1.4453    1.5806   1.2810    4.2162    4.4826   0.004532    0.5302  0.9296  0.8420    0.4370   0.4775   0.948
   62    1.4413    1.5810   1.2749    4.2061    4.4719   0.004517    0.5328  0.9292  0.8455    0.4378   0.4786   0.939
   63    1.4399    1.5780   1.2598    4.1855    4.4529   0.004502    0.5332  0.9286  0.8471    0.4391   0.4799   0.952
   64    1.4314    1.5675   1.2513    4.1604    4.4190   0.004486    0.5313  0.9270  0.8475    0.4394   0.4802   0.962
   65    1.4423    1.5616   1.2630    4.1792    4.4300   0.004471    0.5340  0.9289  0.8461    0.4387   0.4795   0.949
   66    1.4265    1.5519   1.2446    4.1309    4.3923   0.004455    0.5316  0.9273  0.8458    0.4397   0.4803   0.941
   67    1.4405    1.5644   1.2601    4.1742    4.4304   0.004439    0.5322  0.9294  0.8466    0.4396   0.4803   0.960
   68    1.4282    1.5554   1.2510    4.1450    4.3957   0.004423    0.5314  0.9310  0.8463    0.4417   0.4822   0.941
   69    1.4312    1.5438   1.2477    4.1339    4.3813   0.004407    0.5336  0.9316  0.8485    0.4422   0.4828   0.954
   70    1.4346    1.5439   1.2302    4.1152    4.3738   0.004390    0.5349  0.9308  0.8504    0.4438   0.4844   0.957
   71    1.4305    1.5421   1.2425    4.1237    4.3749   0.004373    0.5369  0.9311  0.8509    0.4443   0.4850   0.952
   72    1.4327    1.5440   1.2476    4.1338    4.3810   0.004356    0.5332  0.9307  0.8516    0.4442   0.4849   0.946
   73    1.4322    1.5312   1.2329    4.1020    4.3580   0.004339    0.5395  0.9302  0.8521    0.4446   0.4854   0.938
   74    1.4271    1.5351   1.2318    4.0980    4.3565   0.004322    0.5378  0.9310  0.8521    0.4451   0.4858   0.945
   75    1.4253    1.5425   1.2417    4.1144    4.3693   0.004304    0.5377  0.9308  0.8526    0.4454   0.4861   0.967
   76    1.4241    1.5214   1.2371    4.0896    4.3373   0.004287    0.5393  0.9318  0.8519    0.4459   0.4865   0.937
   77    1.4194    1.5197   1.2400    4.0861    4.3319   0.004269    0.5399  0.9328  0.8525    0.4459   0.4866   0.939
   78    1.4254    1.5300   1.2284    4.0888    4.3386   0.004251    0.5420  0.9337  0.8532    0.4457   0.4864   0.938
   79    1.4283    1.5191   1.2383    4.0915    4.3377   0.004233    0.5428  0.9330  0.8545    0.4464   0.4872   0.969
   80    1.4299    1.5284   1.2240    4.0778    4.3491   0.004214    0.5443  0.9336  0.8565    0.4476   0.4885   0.944
   81    1.4220    1.5243   1.2206    4.0645    4.3288   0.004196    0.5456  0.9335  0.8566    0.4478   0.4887   0.952
   82    1.4198    1.5118   1.2268    4.0595    4.3134   0.004177    0.5458  0.9329  0.8567    0.4476   0.4885   0.950
   83    1.4191    1.5013   1.2222    4.0495    4.2869   0.004158    0.5469  0.9334  0.8575    0.4484   0.4894   0.942
   84    1.4186    1.5052   1.2324    4.0563    4.3096   0.004139    0.5460  0.9327  0.8570    0.4484   0.4892   0.941
   85    1.4257    1.5061   1.2225    4.0499    4.3133   0.004120    0.5448  0.9337  0.8585    0.4490   0.4899   0.955
   86    1.4182    1.5089   1.2203    4.0452    4.3014   0.004100    0.5464  0.9345  0.8590    0.4497   0.4907   0.948
   87    1.4188    1.5106   1.2297    4.0568    4.3118   0.004081    0.5447  0.9348  0.8585    0.4494   0.4903   0.936
   88    1.4250    1.5043   1.2037    4.0307    4.2841   0.004061    0.5448  0.9351  0.8582    0.4493   0.4902   0.944
   89    1.4245    1.4985   1.2112    4.0363    4.2777   0.004041    0.5471  0.9351  0.8591    0.4500   0.4910   0.946
   90    1.4185    1.4905   1.1954    4.0075    4.2450   0.004021    0.5476  0.9354  0.8596    0.4502   0.4911   0.942
   91    1.4202    1.4879   1.1947    4.0023    4.2470   0.004001    0.5483  0.9348  0.8600    0.4513   0.4922   0.943
   92    1.4230    1.5023   1.2291    4.0499    4.3030   0.003980    0.5453  0.9349  0.8591    0.4517   0.4924   0.939
   93    1.4210    1.4958   1.2031    4.0156    4.2669   0.003960    0.5467  0.9339  0.8596    0.4523   0.4930   0.939
   94    1.4131    1.4782   1.2073    3.9911    4.2483   0.003939    0.5473  0.9353  0.8609    0.4523   0.4932   0.936
   95    1.4146    1.4874   1.2102    4.0094    4.2544   0.003919    0.5478  0.9344  0.8600    0.4523   0.4930   0.960
   96    1.4138    1.4920   1.1905    3.9969    4.2322   0.003898    0.5475  0.9352  0.8608    0.4527   0.4935   0.942
   97    1.4207    1.4975   1.2013    4.0095    4.2686   0.003877    0.5488  0.9359  0.8605    0.4524   0.4932   0.959
   98    1.4173    1.4965   1.1953    3.9992    4.2568   0.003855    0.5485  0.9355  0.8616    0.4537   0.4945   0.948
   99    1.4065    1.4878   1.1997    3.9842    4.2398   0.003834    0.5504  0.9353  0.8620    0.4535   0.4943   0.948
  100    1.4122    1.4877   1.2180    4.0123    4.2568   0.003812    0.5487  0.9352  0.8611    0.4533   0.4941   0.976
  101    1.4077    1.4878   1.2107    3.9980    4.2472   0.003791    0.5483  0.9351  0.8609    0.4534   0.4941   0.956
  102    1.4099    1.4813   1.1857    3.9647    4.2217   0.003769    0.5495  0.9341  0.8610    0.4544   0.4950   0.928
  103    1.3996    1.4590   1.1693    3.9225    4.1626   0.003747    0.5501  0.9352  0.8610    0.4540   0.4947   0.947
  104    1.4048    1.4764   1.1986    3.9722    4.2162   0.003725    0.5516  0.9347  0.8618    0.4544   0.4952   0.955
  105    1.4138    1.4744   1.2023    3.9800    4.2291   0.003703    0.5520  0.9344  0.8630    0.4544   0.4953   0.940
  106    1.4108    1.4781   1.1892    3.9693    4.2135   0.003681    0.5531  0.9343  0.8626    0.4539   0.4948   0.948
  107    1.4100    1.4714   1.1952    3.9649    4.2141   0.003659    0.5533  0.9342  0.8623    0.4540   0.4948   0.938
  108    1.4038    1.4616   1.1794    3.9306    4.1842   0.003636    0.5518  0.9339  0.8627    0.4543   0.4952   0.950
  109    1.4080    1.4764   1.1883    3.9591    4.2098   0.003614    0.5525  0.9334  0.8638    0.4548   0.4957   0.943
  110    1.4105    1.4630   1.1716    3.9354    4.1765   0.003591    0.5514  0.9338  0.8644    0.4548   0.4958   0.963
  111    1.4058    1.4592   1.1784    3.9358    4.1712   0.003568    0.5515  0.9338  0.8640    0.4545   0.4955   0.934
  112    1.3998    1.4458   1.1830    3.9245    4.1510   0.003545    0.5532  0.9341  0.8642    0.4549   0.4958   0.953
  113    1.4037    1.4620   1.1900    3.9447    4.1851   0.003522    0.5536  0.9338  0.8649    0.4554   0.4963   0.931
  114    1.4046    1.4488   1.1864    3.9324    4.1636   0.003499    0.5547  0.9348  0.8652    0.4558   0.4967   0.947
  115    1.4040    1.4574   1.1705    3.9191    4.1608   0.003476    0.5548  0.9358  0.8653    0.4563   0.4972   0.959
  116    1.4009    1.4462   1.1732    3.8999    4.1566   0.003453    0.5555  0.9366  0.8649    0.4564   0.4972   0.954
  117    1.3993    1.4558   1.1730    3.9150    4.1546   0.003429    0.5549  0.9364  0.8645    0.4563   0.4972   0.949
  118    1.3909    1.4456   1.1584    3.8775    4.1253   0.003406    0.5562  0.9358  0.8657    0.4568   0.4977   0.950
  119    1.3961    1.4405   1.1638    3.8853    4.1269   0.003383    0.5573  0.9353  0.8662    0.4570   0.4979   0.942
  120    1.3960    1.4449   1.1675    3.9005    4.1260   0.003359    0.5598  0.9361  0.8665    0.4573   0.4982   0.949
  121    1.3958    1.4570   1.1674    3.9025    4.1472   0.003335    0.5607  0.9361  0.8668    0.4576   0.4985   0.952
  122    1.3948    1.4310   1.1594    3.8715    4.1068   0.003311    0.5604  0.9356  0.8671    0.4573   0.4983   0.947
  123    1.4017    1.4370   1.1590    3.8800    4.1223   0.003288    0.5606  0.9352  0.8665    0.4569   0.4979   0.969
  124    1.4018    1.4344   1.1465    3.8695    4.1012   0.003264    0.5634  0.9355  0.8660    0.4572   0.4981   0.949
  125    1.4004    1.4370   1.1516    3.8761    4.1066   0.003240    0.5647  0.9355  0.8666    0.4571   0.4981   0.944
  126    1.3988    1.4285   1.1604    3.8749    4.1039   0.003216    0.5645  0.9347  0.8672    0.4572   0.4982   0.948
  127    1.3968    1.4297   1.1761    3.8840    4.1235   0.003192    0.5660  0.9351  0.8668    0.4570   0.4980   0.946
  128    1.3953    1.4299   1.1565    3.8608    4.1038   0.003167    0.5661  0.9361  0.8677    0.4572   0.4982   0.957
  129    1.3991    1.4214   1.1648    3.8621    4.1086   0.003143    0.5668  0.9363  0.8683    0.4576   0.4986   0.959
  130    1.4032    1.4356   1.1599    3.8750    4.1213   0.003119    0.5693  0.9363  0.8695    0.4587   0.4998   0.940
  131    1.3905    1.4181   1.1479    3.8462    4.0650   0.003094    0.5698  0.9368  0.8713    0.4595   0.5007   0.944
  132    1.3982    1.4176   1.1474    3.8423    4.0807   0.003070    0.5708  0.9373  0.8720    0.4598   0.5010   0.946
  133    1.3934    1.4116   1.1416    3.8297    4.0592   0.003046    0.5700  0.9360  0.8716    0.4601   0.5012   0.949
  134    1.3873    1.4294   1.1375    3.8344    4.0687   0.003021    0.5688  0.9352  0.8700    0.4596   0.5007   0.935
  135    1.3893    1.4084   1.1474    3.8220    4.0619   0.002997    0.5713  0.9357  0.8700    0.4601   0.5011   0.952
  136    1.3918    1.4111   1.1444    3.8253    4.0616   0.002972    0.5702  0.9355  0.8701    0.4604   0.5014   0.946
  137    1.3905    1.4256   1.1285    3.8191    4.0612   0.002947    0.5715  0.9355  0.8707    0.4605   0.5015   0.956
  138    1.3903    1.4069   1.1329    3.8146    4.0363   0.002923    0.5716  0.9354  0.8706    0.4606   0.5016   0.933
  139    1.3921    1.4226   1.1439    3.8402    4.0665   0.002898    0.5731  0.9350  0.8705    0.4604   0.5014   0.939
  140    1.3913    1.3993   1.1395    3.8123    4.0365   0.002873    0.5742  0.9355  0.8709    0.4607   0.5017   0.954
  141    1.3922    1.4141   1.1476    3.8365    4.0590   0.002849    0.5737  0.9361  0.8705    0.4608   0.5018   0.935
  142    1.3882    1.3974   1.1297    3.7928    4.0240   0.002824    0.5756  0.9359  0.8698    0.4605   0.5014   0.952
  143    1.3921    1.4016   1.1448    3.8215    4.0415   0.002799    0.5758  0.9377  0.8708    0.4609   0.5019   0.958
  144    1.3840    1.4074   1.1533    3.8154    4.0571   0.002774    0.5762  0.9368  0.8705    0.4619   0.5027   0.959
  145    1.3843    1.3982   1.1319    3.7900    4.0218   0.002749    0.5756  0.9371  0.8706    0.4624   0.5032   0.945
  146    1.3866    1.4090   1.1560    3.8274    4.0575   0.002724    0.5765  0.9380  0.8710    0.4618   0.5027   0.942
  147    1.3839    1.3915   1.1381    3.7958    4.0132   0.002700    0.5767  0.9376  0.8707    0.4618   0.5027   0.961
  148    1.3833    1.4031   1.1244    3.7883    4.0134   0.002675    0.5770  0.9378  0.8716    0.4626   0.5035   0.952
  149    1.3903    1.3999   1.1391    3.8075    4.0304   0.002650    0.5791  0.9382  0.8722    0.4633   0.5042   0.958
  150    1.3844    1.4022   1.1246    3.7897    4.0112   0.002625    0.5798  0.9376  0.8736    0.4638   0.5048   0.961
  151    1.3896    1.3943   1.1163    3.7796    3.9985   0.002600    0.5787  0.9375  0.8730    0.4638   0.5047   0.946
  152    1.3865    1.3902   1.1204    3.7774    3.9935   0.002575    0.5793  0.9376  0.8734    0.4636   0.5045   0.956
  153    1.3810    1.3879   1.1197    3.7657    3.9870   0.002550    0.5797  0.9369  0.8740    0.4637   0.5047   0.942
  154    1.3824    1.3964   1.1193    3.7775    3.9937   0.002526    0.5812  0.9371  0.8744    0.4642   0.5052   0.936
  155    1.3823    1.3959   1.1159    3.7699    3.9914   0.002501    0.5819  0.9372  0.8736    0.4640   0.5050   0.951
  156    1.3801    1.3735   1.1210    3.7587    3.9646   0.002476    0.5830  0.9367  0.8738    0.4641   0.5051   0.956
  157    1.3851    1.3906   1.1187    3.7710    3.9892   0.002451    0.5834  0.9367  0.8739    0.4643   0.5053   0.938
  158    1.3824    1.3911   1.1415    3.7912    4.0095   0.002426    0.5850  0.9368  0.8742    0.4652   0.5061   0.932
  159    1.3765    1.3806   1.1256    3.7620    3.9739   0.002401    0.5867  0.9368  0.8740    0.4653   0.5062   0.944
  160    1.3834    1.3735   1.1126    3.7519    3.9574   0.002377    0.5873  0.9366  0.8745    0.4646   0.5056   0.964
  161    1.3791    1.3702   1.1159    3.7470    3.9527   0.002352    0.5857  0.9366  0.8743    0.4652   0.5061   0.938
  162    1.3814    1.3860   1.1021    3.7420    3.9629   0.002327    0.5864  0.9373  0.8755    0.4654   0.5064   0.943
  163    1.3805    1.3793   1.1096    3.7443    3.9604   0.002303    0.5867  0.9375  0.8756    0.4658   0.5068   0.948
  164    1.3688    1.3586   1.1044    3.7076    3.9212   0.002278    0.5900  0.9380  0.8756    0.4664   0.5073   0.945
  165    1.3726    1.3611   1.1094    3.7163    3.9335   0.002253    0.5890  0.9383  0.8759    0.4666   0.5076   0.956
  166    1.3795    1.3587   1.1133    3.7261    3.9400   0.002229    0.5922  0.9383  0.8766    0.4668   0.5078   0.957
  167    1.3707    1.3621   1.1060    3.7119    3.9276   0.002204    0.5919  0.9387  0.8768    0.4667   0.5077   0.948
  168    1.3860    1.3629   1.1190    3.7434    3.9541   0.002180    0.5911  0.9385  0.8766    0.4668   0.5078   0.967
  169    1.3686    1.3555   1.1085    3.7113    3.9157   0.002156    0.5904  0.9387  0.8768    0.4668   0.5078   0.948
  170    1.3741    1.3503   1.0943    3.6946    3.9030   0.002131    0.5933  0.9391  0.8770    0.4676   0.5085   0.947
  171    1.3718    1.3631   1.1026    3.7086    3.9240   0.002107    0.5950  0.9386  0.8768    0.4673   0.5082   0.962
  172    1.3746    1.3633   1.1087    3.7179    3.9323   0.002083    0.5954  0.9385  0.8772    0.4678   0.5087   0.960
  173    1.3638    1.3601   1.0935    3.6981    3.8961   0.002058    0.5952  0.9387  0.8777    0.4676   0.5086   0.951
  174    1.3735    1.3595   1.1042    3.7187    3.9145   0.002034    0.5948  0.9384  0.8776    0.4678   0.5088   0.941
  175    1.3699    1.3490   1.0779    3.6775    3.8739   0.002010    0.5943  0.9386  0.8781    0.4683   0.5093   0.951
  176    1.3664    1.3504   1.0916    3.6889    3.8848   0.001986    0.5982  0.9383  0.8787    0.4689   0.5098   0.952
  177    1.3617    1.3412   1.0961    3.6771    3.8762   0.001962    0.5997  0.9385  0.8795    0.4701   0.5110   0.937
  178    1.3662    1.3458   1.0897    3.6801    3.8780   0.001939    0.5993  0.9382  0.8794    0.4700   0.5109   0.962
  179    1.3760    1.3446   1.0770    3.6698    3.8770   0.001915    0.5995  0.9376  0.8803    0.4706   0.5116   0.958
  180    1.3730    1.3484   1.0782    3.6691    3.8799   0.001891    0.5995  0.9380  0.8798    0.4704   0.5113   0.941
  181    1.3687    1.3476   1.0965    3.6829    3.8920   0.001867    0.5995  0.9390  0.8796    0.4703   0.5112   0.940
  182    1.3725    1.3413   1.0824    3.6761    3.8687   0.001844    0.6003  0.9383  0.8800    0.4705   0.5115   0.946
  183    1.3680    1.3532   1.0807    3.6703    3.8805   0.001821    0.5994  0.9380  0.8805    0.4708   0.5118   0.959
  184    1.3689    1.3479   1.0898    3.6805    3.8812   0.001797    0.5997  0.9388  0.8807    0.4707   0.5117   0.946
  185    1.3635    1.3404   1.0789    3.6491    3.8610   0.001774    0.5995  0.9386  0.8809    0.4712   0.5121   0.942
  186    1.3602    1.3337   1.0926    3.6588    3.8604   0.001751    0.6034  0.9406  0.8816    0.4717   0.5127   0.959
  187    1.3644    1.3381   1.0836    3.6599    3.8586   0.001728    0.6042  0.9403  0.8817    0.4720   0.5130   0.962
  188    1.3609    1.3279   1.0867    3.6512    3.8460   0.001705    0.6031  0.9392  0.8820    0.4721   0.5131   0.955
  189    1.3710    1.3347   1.0945    3.6726    3.8719   0.001682    0.6056  0.9392  0.8823    0.4725   0.5135   0.951
  190    1.3682    1.3195   1.0670    3.6310    3.8236   0.001659    0.6069  0.9393  0.8831    0.4723   0.5134   0.954
  191    1.3678    1.3237   1.0851    3.6543    3.8439   0.001636    0.6074  0.9393  0.8829    0.4718   0.5129   0.949
  192    1.3550    1.3231   1.0593    3.6105    3.8067   0.001614    0.6080  0.9400  0.8825    0.4720   0.5130   0.948
  193    1.3603    1.3274   1.0800    3.6467    3.8331   0.001591    0.6086  0.9398  0.8823    0.4725   0.5135   0.947
  194    1.3543    1.3211   1.0673    3.6203    3.8081   0.001569    0.6083  0.9403  0.8819    0.4723   0.5132   0.939
  195    1.3560    1.3141   1.0683    3.6138    3.8043   0.001547    0.6088  0.9410  0.8818    0.4716   0.5126   0.956
  196    1.3650    1.3210   1.0645    3.6229    3.8172   0.001525    0.6081  0.9407  0.8817    0.4717   0.5127   0.946
  197    1.3529    1.3001   1.0700    3.5987    3.7872   0.001503    0.6087  0.9407  0.8824    0.4722   0.5132   0.938
  198    1.3539    1.3203   1.0657    3.6136    3.8046   0.001481    0.6110  0.9410  0.8827    0.4724   0.5134   0.957
  199    1.3512    1.3079   1.0701    3.6089    3.7902   0.001459    0.6127  0.9409  0.8833    0.4729   0.5140   0.947
  200    1.3583    1.3155   1.0621    3.6073    3.8004   0.001437    0.6128  0.9404  0.8829    0.4736   0.5146   0.944
  201    1.3462    1.3077   1.0739    3.5952    3.7937   0.001416    0.6121  0.9408  0.8833    0.4748   0.5157   0.949
  202    1.3569    1.2983   1.0780    3.6049    3.7962   0.001395    0.6142  0.9419  0.8846    0.4754   0.5163   0.948
  203    1.3536    1.3048   1.0865    3.6230    3.8041   0.001373    0.6141  0.9404  0.8837    0.4750   0.5159   0.949
  204    1.3541    1.2906   1.0599    3.5868    3.7614   0.001352    0.6149  0.9406  0.8839    0.4746   0.5155   0.941
  205    1.3466    1.2970   1.0676    3.5887    3.7694   0.001331    0.6162  0.9420  0.8850    0.4746   0.5157   0.933
  206    1.3504    1.2942   1.0712    3.5929    3.7737   0.001311    0.6158  0.9416  0.8846    0.4746   0.5156   0.959
  207    1.3505    1.2933   1.0681    3.5904    3.7685   0.001290    0.6166  0.9411  0.8851    0.4750   0.5160   0.952
  208    1.3499    1.2889   1.0634    3.5772    3.7598   0.001270    0.6167  0.9410  0.8846    0.4751   0.5161   0.964
  209    1.3497    1.3004   1.0764    3.6031    3.7827   0.001249    0.6180  0.9415  0.8850    0.4752   0.5162   0.967
  210    1.3429    1.2935   1.0504    3.5616    3.7433   0.001229    0.6185  0.9418  0.8852    0.4755   0.5164   0.948
  211    1.3485    1.2846   1.0589    3.5726    3.7452   0.001209    0.6197  0.9415  0.8858    0.4759   0.5169   0.953
  212    1.3424    1.2840   1.0457    3.5494    3.7264   0.001189    0.6207  0.9417  0.8862    0.4763   0.5173   0.955
  213    1.3431    1.2862   1.0460    3.5532    3.7285   0.001169    0.6225  0.9417  0.8868    0.4764   0.5174   0.945
  214    1.3521    1.2857   1.0431    3.5560    3.7348   0.001150    0.6230  0.9415  0.8872    0.4761   0.5172   0.957
  215    1.3422    1.2878   1.0571    3.5622    3.7404   0.001130    0.6236  0.9415  0.8874    0.4764   0.5175   0.940
  216    1.3484    1.2773   1.0643    3.5613    3.7443   0.001111    0.6237  0.9421  0.8868    0.4765   0.5175   0.906
  217    1.3500    1.2756   1.0548    3.5589    3.7310   0.001092    0.6247  0.9423  0.8875    0.4764   0.5175   0.943
  218    1.3375    1.2720   1.0324    3.5230    3.6909   0.001073    0.6269  0.9422  0.8875    0.4765   0.5176   0.961
  219    1.3353    1.2739   1.0469    3.5404    3.7033   0.001054    0.6282  0.9420  0.8876    0.4770   0.5181   0.939
  220    1.3416    1.2888   1.0363    3.5407    3.7175   0.001036    0.6278  0.9420  0.8873    0.4774   0.5184   0.952
  221    1.3312    1.2761   1.0371    3.5196    3.6942   0.001017    0.6305  0.9420  0.8875    0.4777   0.5187   0.943
  222    1.3423    1.3000   1.0473    3.5587    3.7411   0.000999    0.6276  0.9420  0.8870    0.4777   0.5187   0.947
  223    1.3356    1.2796   1.0390    3.5323    3.7018   0.000981    0.6296  0.9420  0.8868    0.4775   0.5185   0.947
  224    1.3402    1.2638   1.0279    3.5223    3.6741   0.000963    0.6318  0.9418  0.8870    0.4775   0.5184   0.955
  225    1.3408    1.2727   1.0181    3.5104    3.6776   0.000946    0.6313  0.9405  0.8869    0.4775   0.5184   0.948
  226    1.3369    1.2607   1.0229    3.4928    3.6684   0.000928    0.6303  0.9402  0.8866    0.4772   0.5181   0.942
  227    1.3317    1.2722   1.0271    3.5089    3.6764   0.000911    0.6310  0.9398  0.8869    0.4773   0.5182   0.956
  228    1.3413    1.2732   1.0299    3.5168    3.6913   0.000894    0.6318  0.9400  0.8877    0.4776   0.5187   0.952
  229    1.3387    1.2733   1.0139    3.5019    3.6710   0.000877    0.6334  0.9396  0.8874    0.4779   0.5188   0.940
  230    1.3294    1.2661   1.0329    3.5069    3.6720   0.000860    0.6343  0.9398  0.8875    0.4780   0.5189   0.943
  231    1.3351    1.2558   1.0196    3.4974    3.6506   0.000843    0.6348  0.9396  0.8880    0.4785   0.5194   0.945
  232    1.3218    1.2439   1.0043    3.4471    3.6130   0.000827    0.6347  0.9382  0.8880    0.4783   0.5192   0.947
  233    1.3289    1.2539   1.0204    3.4906    3.6421   0.000811    0.6359  0.9386  0.8876    0.4784   0.5193   0.956
  234    1.3376    1.2618   1.0224    3.5023    3.6625   0.000795    0.6366  0.9387  0.8875    0.4784   0.5193   0.953
  235    1.3413    1.2552   1.0205    3.4979    3.6571   0.000779    0.6371  0.9386  0.8876    0.4783   0.5192   0.961
  236    1.3346    1.2607   1.0183    3.4904    3.6546   0.000764    0.6374  0.9389  0.8872    0.4782   0.5191   0.945
  237    1.3266    1.2422   1.0117    3.4674    3.6178   0.000748    0.6378  0.9387  0.8868    0.4783   0.5192   0.958
  238    1.3315    1.2625   1.0172    3.4913    3.6502   0.000733    0.6387  0.9389  0.8868    0.4786   0.5194   0.957
  239    1.3287    1.2556   1.0203    3.4933    3.6401   0.000718    0.6396  0.9394  0.8872    0.4789   0.5197   0.958
  240    1.3277    1.2459   1.0185    3.4830    3.6266   0.000704    0.6400  0.9394  0.8880    0.4793   0.5202   0.930
  241    1.3241    1.2370   1.0164    3.4623    3.6136   0.000689    0.6400  0.9394  0.8880    0.4796   0.5204   0.942
  242    1.3228    1.2444   1.0171    3.4741    3.6182   0.000675    0.6383  0.9385  0.8883    0.4793   0.5202   0.954
  243    1.3314    1.2503   1.0140    3.4818    3.6304   0.000661    0.6414  0.9383  0.8884    0.4795   0.5204   0.941
  244    1.3349    1.2616   1.0053    3.4760    3.6396   0.000647    0.6408  0.9389  0.8882    0.4791   0.5200   0.942
  245    1.3252    1.2523   1.0160    3.4757    3.6285   0.000633    0.6417  0.9390  0.8885    0.4794   0.5203   0.945
  246    1.3230    1.2453   1.0113    3.4615    3.6142   0.000620    0.6418  0.9389  0.8886    0.4793   0.5202   0.881
  247    1.3223    1.2342   1.0004    3.4366    3.5916   0.000607    0.6422  0.9391  0.8889    0.4800   0.5209   0.941
  248    1.3162    1.2394   1.0039    3.4428    3.5927   0.000594    0.6420  0.9389  0.8886    0.4803   0.5212   0.937
  249    1.3188    1.2327   1.0046    3.4419    3.5883   0.000581    0.6423  0.9391  0.8884    0.4805   0.5213   0.944
  250    1.3265    1.2478   1.0118    3.4655    3.6196   0.000568    0.6441  0.9393  0.8888    0.4805   0.5213   0.942
  251    1.3219    1.2467   1.0030    3.4441    3.6065   0.000556    0.6431  0.9395  0.8890    0.4801   0.5210   0.953
  252    1.3190    1.2491   1.0075    3.4506    3.6093   0.000544    0.6447  0.9394  0.8892    0.4800   0.5210   0.952
  253    1.3142    1.2317   1.0013    3.4297    3.5784   0.000532    0.6456  0.9396  0.8894    0.4801   0.5210   0.945
  254    1.3200    1.2308   1.0100    3.4471    3.5907   0.000520    0.6463  0.9405  0.8898    0.4805   0.5214   0.946
  255    1.3176    1.2271   0.9967    3.4318    3.5697   0.000509    0.6468  0.9405  0.8903    0.4810   0.5220   0.948
  256    1.3194    1.2277   0.9901    3.4222    3.5665   0.000498    0.6486  0.9408  0.8904    0.4807   0.5217   0.941
  257    1.3170    1.2366   0.9909    3.4164    3.5765   0.000487    0.6490  0.9406  0.8904    0.4810   0.5219   0.951
  258    1.3169    1.2291   0.9917    3.4218    3.5663   0.000476    0.6490  0.9412  0.8907    0.4814   0.5223   0.941
  259    1.3178    1.2287   1.0110    3.4438    3.5852   0.000466    0.6484  0.9403  0.8897    0.4809   0.5218   0.949
  260    1.3196    1.2362   0.9868    3.4177    3.5726   0.000455    0.6487  0.9406  0.8884    0.4803   0.5211   0.961
  261    1.3153    1.2298   0.9857    3.4127    3.5588   0.000445    0.6502  0.9408  0.8883    0.4803   0.5211   0.946
  262    1.3153    1.2329   0.9960    3.4191    3.5732   0.000436    0.6503  0.9411  0.8879    0.4804   0.5212   0.951
  263    1.3199    1.2287   0.9850    3.4108    3.5618   0.000426    0.6507  0.9412  0.8887    0.4808   0.5216   0.941
  264    1.3131    1.2212   0.9820    3.4033    3.5419   0.000417    0.6495  0.9409  0.8884    0.4805   0.5213   0.957
  265    1.3168    1.2271   0.9956    3.4213    3.5659   0.000408    0.6494  0.9409  0.8882    0.4804   0.5212   0.940
  266    1.3091    1.2252   0.9960    3.4151    3.5554   0.000399    0.6496  0.9409  0.8884    0.4810   0.5218   0.946
  267    1.3116    1.2322   0.9897    3.4213    3.5577   0.000390    0.6493  0.9409  0.8889    0.4817   0.5224   0.948
  268    1.3039    1.2177   0.9899    3.4031    3.5345   0.000382    0.6515  0.9404  0.8894    0.4820   0.5228   0.951
  269    1.3199    1.2343   0.9955    3.4270    3.5753   0.000374    0.6512  0.9414  0.8910    0.4821   0.5230   0.948
  270    1.3112    1.2200   1.0010    3.4153    3.5562   0.000366    0.6527  0.9415  0.8913    0.4823   0.5232   0.971
  271    1.3135    1.2241   0.9882    3.4059    3.5501   0.000359    0.6513  0.9415  0.8916    0.4822   0.5231   0.943
  272    1.3129    1.2152   0.9905    3.4065    3.5409   0.000351    0.6520  0.9414  0.8922    0.4824   0.5234   0.977
  273    1.3106    1.2082   0.9877    3.3997    3.5272   0.000344    0.6503  0.9409  0.8925    0.4820   0.5231   0.962
  274    1.3171    1.2236   0.9908    3.4158    3.5537   0.000337    0.6526  0.9413  0.8926    0.4819   0.5230   0.944
  275    1.3059    1.1992   0.9754    3.3621    3.5028   0.000331    0.6537  0.9416  0.8930    0.4821   0.5232   0.939
  276    1.3146    1.2173   0.9811    3.3962    3.5347   0.000325    0.6548  0.9416  0.8926    0.4824   0.5234   0.943
  277    1.3163    1.2181   0.9912    3.4088    3.5469   0.000319    0.6555  0.9414  0.8930    0.4830   0.5240   0.956
  278    1.3177    1.2173   0.9856    3.4074    3.5408   0.000313    0.6537  0.9409  0.8927    0.4829   0.5239   0.947
  279    1.3035    1.2047   0.9799    3.3810    3.5069   0.000307    0.6551  0.9413  0.8916    0.4823   0.5233   0.945
  280    1.3058    1.2187   0.9767    3.3920    3.5200   0.000302    0.6557  0.9416  0.8922    0.4823   0.5233   0.954
  281    1.3050    1.2109   0.9783    3.3748    3.5144   0.000297    0.6560  0.9425  0.8922    0.4825   0.5234   0.941
  282    1.3108    1.2131   0.9842    3.3989    3.5262   0.000292    0.6560  0.9425  0.8920    0.4825   0.5235   0.949
  283    1.3096    1.2168   0.9863    3.3955    3.5318   0.000288    0.6577  0.9425  0.8918    0.4831   0.5240   0.952
  284    1.3170    1.2318   0.9841    3.4009    3.5540   0.000283    0.6564  0.9420  0.8910    0.4833   0.5241   0.944
  285    1.3085    1.2156   0.9825    3.3880    3.5252   0.000279    0.6561  0.9420  0.8904    0.4828   0.5235   0.941
  286    1.3024    1.2114   0.9814    3.3773    3.5131   0.000275    0.6557  0.9420  0.8905    0.4824   0.5232   0.942
  287    1.3102    1.2224   0.9890    3.4056    3.5391   0.000272    0.6575  0.9420  0.8905    0.4821   0.5229   0.964
  288    1.3066    1.2076   0.9765    3.3700    3.5083   0.000269    0.6578  0.9420  0.8909    0.4819   0.5228   0.947
  289    1.2967    1.2126   0.9866    3.3785    3.5128   0.000266    0.6585  0.9421  0.8913    0.4820   0.5229   0.939
  290    1.3083    1.2161   0.9846    3.3858    3.5264   0.000263    0.6601  0.9421  0.8917    0.4823   0.5232   0.954
  291    1.3073    1.2235   0.9940    3.4012    3.5417   0.000261    0.6604  0.9431  0.8927    0.4825   0.5235   0.936
  292    1.3087    1.2110   0.9862    3.3879    3.5218   0.000258    0.6609  0.9430  0.8930    0.4827   0.5237   0.950
  293    1.3077    1.2072   0.9790    3.3764    3.5095   0.000256    0.6599  0.9430  0.8926    0.4825   0.5235   0.947
  294    1.3085    1.2072   0.9701    3.3708    3.5006   0.000255    0.6600  0.9425  0.8924    0.4823   0.5233   0.943
  295    1.3074    1.2145   0.9671    3.3647    3.5046   0.000253    0.6606  0.9428  0.8930    0.4828   0.5238   0.928
  296    1.3133    1.2211   0.9721    3.3907    3.5207   0.000252    0.6612  0.9426  0.8929    0.4831   0.5241   0.948
  297    1.2915    1.2031   0.9870    3.3693    3.4950   0.000251    0.6618  0.9426  0.8930    0.4829   0.5239   0.947
  298    1.3049    1.2035   0.9756    3.3676    3.4977   0.000251    0.6614  0.9434  0.8937    0.4827   0.5238   0.947
  299    1.3154    1.2138   0.9744    3.3866    3.5169   0.000250    0.6612  0.9434  0.8940    0.4828   0.5239   0.949
  300    1.3073    1.2017   0.9845    3.3862    3.5053   0.000250    0.6608  0.9426  0.8937    0.4825   0.5237   0.944